GL000008.2	1189	573	616
GL000009.2	1836	663	1173
GL000194.1	1595	42	1553
GL000195.1	2383	1068	1315
GL000205.2	2563	90	2473
GL000208.1	2	1	1
GL000213.1	9	1	8
GL000214.1	2992	352	2640
GL000216.2	0	0	0
GL000218.1	1154	16	1138
GL000219.1	1855	189	1666
GL000220.1	389207	383500	5707
GL000221.1	394	215	179
GL000224.1	498	368	130
GL000225.1	3	2	1
GL000226.1	0	0	0
KI270302.1	0	0	0
KI270303.1	0	0	0
KI270304.1	0	0	0
KI270305.1	0	0	0
KI270310.1	0	0	0
KI270311.1	0	0	0
KI270312.1	0	0	0
KI270315.1	0	0	0
KI270316.1	0	0	0
KI270317.1	0	0	0
KI270320.1	0	0	0
KI270322.1	0	0	0
KI270329.1	0	0	0
KI270330.1	8	8	0
KI270333.1	0	0	0
KI270334.1	0	0	0
KI270335.1	0	0	0
KI270336.1	0	0	0
KI270337.1	0	0	0
KI270338.1	0	0	0
KI270340.1	0	0	0
KI270362.1	0	0	0
KI270363.1	0	0	0
KI270364.1	0	0	0
KI270366.1	0	0	0
KI270371.1	0	0	0
KI270372.1	0	0	0
KI270373.1	0	0	0
KI270374.1	0	0	0
KI270375.1	0	0	0
KI270376.1	0	0	0
KI270378.1	0	0	0
KI270379.1	0	0	0
KI270381.1	0	0	0
KI270382.1	0	0	0
KI270383.1	0	0	0
KI270384.1	0	0	0
KI270385.1	0	0	0
KI270386.1	0	0	0
KI270387.1	0	0	0
KI270388.1	0	0	0
KI270389.1	0	0	0
KI270390.1	0	0	0
KI270391.1	0	0	0
KI270392.1	0	0	0
KI270393.1	0	0	0
KI270394.1	0	0	0
KI270395.1	0	0	0
KI270396.1	0	0	0
KI270411.1	0	0	0
KI270412.1	0	0	0
KI270414.1	0	0	0
KI270417.1	0	0	0
KI270418.1	0	0	0
KI270419.1	0	0	0
KI270420.1	0	0	0
KI270422.1	0	0	0
KI270423.1	0	0	0
KI270424.1	0	0	0
KI270425.1	0	0	0
KI270429.1	0	0	0
KI270435.1	9	8	1
KI270438.1	1	1	0
KI270442.1	474	279	195
KI270448.1	0	0	0
KI270465.1	0	0	0
KI270466.1	0	0	0
KI270467.1	0	0	0
KI270468.1	0	0	0
KI270507.1	0	0	0
KI270508.1	0	0	0
KI270509.1	0	0	0
KI270510.1	0	0	0
KI270511.1	0	0	0
KI270512.1	0	0	0
KI270515.1	0	0	0
KI270516.1	0	0	0
KI270517.1	0	0	0
KI270518.1	0	0	0
KI270519.1	0	0	0
KI270521.1	0	0	0
KI270522.1	0	0	0
KI270528.1	0	0	0
KI270529.1	0	0	0
KI270530.1	0	0	0
KI270538.1	0	0	0
KI270539.1	0	0	0
KI270544.1	0	0	0
KI270548.1	0	0	0
KI270579.1	0	0	0
KI270580.1	0	0	0
KI270581.1	3	0	3
KI270582.1	0	0	0
KI270583.1	0	0	0
KI270584.1	0	0	0
KI270587.1	0	0	0
KI270588.1	0	0	0
KI270589.1	4	0	4
KI270590.1	0	0	0
KI270591.1	0	0	0
KI270593.1	0	0	0
KI270706.1	1470	937	533
KI270707.1	44	37	7
KI270708.1	12	2	10
KI270709.1	3	0	3
KI270710.1	0	0	0
KI270711.1	1777	23	1754
KI270712.1	316	148	168
KI270713.1	46	40	6
KI270714.1	438	0	438
KI270715.1	0	0	0
KI270716.1	0	0	0
KI270717.1	4	4	0
KI270718.1	195	79	116
KI270719.1	283	86	197
KI270720.1	541	15	526
KI270721.1	523	304	219
KI270722.1	74	66	8
KI270723.1	3	3	0
KI270724.1	4	0	4
KI270725.1	1	0	1
KI270726.1	1917	577	1340
KI270727.1	67	4	63
KI270728.1	381	265	116
KI270729.1	0	0	0
KI270730.1	0	0	0
KI270731.1	90	44	46
KI270732.1	0	0	0
KI270733.1	354587	349566	5021
KI270734.1	275	178	97
KI270735.1	0	0	0
KI270736.1	0	0	0
KI270737.1	0	0	0
KI270738.1	1	1	0
KI270739.1	3	3	0
KI270740.1	0	0	0
KI270741.1	595	593	2
KI270742.1	566	217	349
KI270743.1	1173	581	592
KI270744.1	3786	315	3471
KI270745.1	280	280	0
KI270746.1	3	0	3
KI270747.1	0	0	0
KI270748.1	3	3	0
KI270749.1	2	2	0
KI270750.1	3	1	2
KI270751.1	2659	2524	135
KI270752.1	0	0	0
KI270753.1	3	0	3
KI270754.1	53	0	53
KI270755.1	2	2	0
KI270756.1	0	0	0
KI270757.1	8	8	0
chr1	4550386	2105010	2445376
chr10	1266818	696636	570182
chr11	2438650	1114154	1324496
chr12	2423060	1277528	1145532
chr13	524666	247292	277374
chr14	1567197	865136	702061
chr15	1194522	530704	663818
chr16	1839692	1007474	832218
chr17	3110173	1447388	1662785
chr18	420366	159593	260773
chr19	2926959	1679474	1247485
chr2	2682600	1476902	1205698
chr20	1269186	824618	444568
chr21	869775	672598	197177
chr22	874830	404961	469869
chr3	1931114	983386	947728
chr4	1249844	614830	635014
chr5	1762330	916137	846193
chr6	2041782	951692	1090090
chr7	2779699	1232903	1546796
chr8	1233488	451097	782391
chr9	1648787	808951	839836
chrM	1741110	1696838	44272
chrX	1223236	579752	643484
chrY	37187	4368	32819
