GL000008.2	1009	494	515
GL000009.2	1699	527	1172
GL000194.1	1239	68	1171
GL000195.1	2142	764	1378
GL000205.2	1662	56	1606
GL000208.1	0	0	0
GL000213.1	11	0	11
GL000214.1	3507	341	3166
GL000216.2	1	0	1
GL000218.1	1170	49	1121
GL000219.1	1377	113	1264
GL000220.1	271232	265638	5594
GL000221.1	402	239	163
GL000224.1	383	322	61
GL000225.1	5	1	4
GL000226.1	0	0	0
KI270302.1	0	0	0
KI270303.1	0	0	0
KI270304.1	0	0	0
KI270305.1	0	0	0
KI270310.1	0	0	0
KI270311.1	0	0	0
KI270312.1	0	0	0
KI270315.1	0	0	0
KI270316.1	0	0	0
KI270317.1	0	0	0
KI270320.1	0	0	0
KI270322.1	0	0	0
KI270329.1	0	0	0
KI270330.1	2	2	0
KI270333.1	0	0	0
KI270334.1	0	0	0
KI270335.1	0	0	0
KI270336.1	0	0	0
KI270337.1	0	0	0
KI270338.1	0	0	0
KI270340.1	0	0	0
KI270362.1	0	0	0
KI270363.1	0	0	0
KI270364.1	0	0	0
KI270366.1	0	0	0
KI270371.1	0	0	0
KI270372.1	0	0	0
KI270373.1	0	0	0
KI270374.1	0	0	0
KI270375.1	0	0	0
KI270376.1	0	0	0
KI270378.1	0	0	0
KI270379.1	0	0	0
KI270381.1	0	0	0
KI270382.1	0	0	0
KI270383.1	0	0	0
KI270384.1	0	0	0
KI270385.1	0	0	0
KI270386.1	0	0	0
KI270387.1	0	0	0
KI270388.1	0	0	0
KI270389.1	0	0	0
KI270390.1	0	0	0
KI270391.1	0	0	0
KI270392.1	0	0	0
KI270393.1	0	0	0
KI270394.1	0	0	0
KI270395.1	0	0	0
KI270396.1	0	0	0
KI270411.1	0	0	0
KI270412.1	0	0	0
KI270414.1	0	0	0
KI270417.1	0	0	0
KI270418.1	0	0	0
KI270419.1	0	0	0
KI270420.1	0	0	0
KI270422.1	0	0	0
KI270423.1	0	0	0
KI270424.1	0	0	0
KI270425.1	0	0	0
KI270429.1	0	0	0
KI270435.1	6	6	0
KI270438.1	0	0	0
KI270442.1	356	119	237
KI270448.1	0	0	0
KI270465.1	0	0	0
KI270466.1	0	0	0
KI270467.1	0	0	0
KI270468.1	0	0	0
KI270507.1	0	0	0
KI270508.1	0	0	0
KI270509.1	0	0	0
KI270510.1	0	0	0
KI270511.1	0	0	0
KI270512.1	0	0	0
KI270515.1	0	0	0
KI270516.1	0	0	0
KI270517.1	0	0	0
KI270518.1	0	0	0
KI270519.1	0	0	0
KI270521.1	0	0	0
KI270522.1	0	0	0
KI270528.1	0	0	0
KI270529.1	0	0	0
KI270530.1	0	0	0
KI270538.1	0	0	0
KI270539.1	0	0	0
KI270544.1	0	0	0
KI270548.1	0	0	0
KI270579.1	0	0	0
KI270580.1	0	0	0
KI270581.1	3	0	3
KI270582.1	0	0	0
KI270583.1	1	0	1
KI270584.1	0	0	0
KI270587.1	0	0	0
KI270588.1	0	0	0
KI270589.1	0	0	0
KI270590.1	0	0	0
KI270591.1	0	0	0
KI270593.1	0	0	0
KI270706.1	1149	645	504
KI270707.1	119	108	11
KI270708.1	22	9	13
KI270709.1	1	1	0
KI270710.1	0	0	0
KI270711.1	1831	30	1801
KI270712.1	397	222	175
KI270713.1	42	33	9
KI270714.1	215	0	215
KI270715.1	0	0	0
KI270716.1	0	0	0
KI270717.1	4	4	0
KI270718.1	163	87	76
KI270719.1	167	59	108
KI270720.1	713	21	692
KI270721.1	536	384	152
KI270722.1	105	77	28
KI270723.1	8	7	1
KI270724.1	6	1	5
KI270725.1	4	0	4
KI270726.1	1486	600	886
KI270727.1	99	3	96
KI270728.1	688	389	299
KI270729.1	6	1	5
KI270730.1	0	0	0
KI270731.1	60	22	38
KI270732.1	1	1	0
KI270733.1	250053	245178	4875
KI270734.1	226	147	79
KI270735.1	0	0	0
KI270736.1	0	0	0
KI270737.1	0	0	0
KI270738.1	0	0	0
KI270739.1	1	1	0
KI270740.1	0	0	0
KI270741.1	478	468	10
KI270742.1	556	238	318
KI270743.1	1007	499	508
KI270744.1	2566	374	2192
KI270745.1	709	704	5
KI270746.1	14	3	11
KI270747.1	0	0	0
KI270748.1	37	37	0
KI270749.1	0	0	0
KI270750.1	46	29	17
KI270751.1	3827	3657	170
KI270752.1	0	0	0
KI270753.1	4	0	4
KI270754.1	79	4	75
KI270755.1	3	3	0
KI270756.1	0	0	0
KI270757.1	1	1	0
chr1	5013066	2297601	2715465
chr10	1516645	854938	661707
chr11	2354550	1110518	1244032
chr12	2461749	1269399	1192350
chr13	601618	274640	326978
chr14	1675650	904320	771330
chr15	1269393	557194	712199
chr16	2033850	1155996	877854
chr17	3556777	1607932	1948845
chr18	454168	202508	251660
chr19	2941580	1695410	1246170
chr2	3119048	1637691	1481357
chr20	1234021	764384	469637
chr21	757975	538730	219245
chr22	895972	429179	466793
chr3	2128980	1070988	1057992
chr4	1415615	658243	757372
chr5	2044841	1133949	910892
chr6	2069874	987980	1081894
chr7	3165169	1435831	1729338
chr8	1294904	488627	806277
chr9	1690713	816066	874647
chrM	1441442	1408924	32518
chrX	1244761	584004	660757
chrY	26900	5687	21213
