GL000008.2	997	542	455
GL000009.2	1320	514	806
GL000194.1	1219	51	1168
GL000195.1	2169	655	1514
GL000205.2	1611	59	1552
GL000208.1	0	0	0
GL000213.1	9	0	9
GL000214.1	3239	325	2914
GL000216.2	2	0	2
GL000218.1	995	36	959
GL000219.1	1607	103	1504
GL000220.1	208094	203207	4887
GL000221.1	419	272	147
GL000224.1	279	261	18
GL000225.1	0	0	0
GL000226.1	0	0	0
KI270302.1	0	0	0
KI270303.1	0	0	0
KI270304.1	0	0	0
KI270305.1	0	0	0
KI270310.1	0	0	0
KI270311.1	0	0	0
KI270312.1	0	0	0
KI270315.1	0	0	0
KI270316.1	0	0	0
KI270317.1	0	0	0
KI270320.1	0	0	0
KI270322.1	0	0	0
KI270329.1	0	0	0
KI270330.1	2	1	1
KI270333.1	0	0	0
KI270334.1	0	0	0
KI270335.1	0	0	0
KI270336.1	0	0	0
KI270337.1	0	0	0
KI270338.1	0	0	0
KI270340.1	0	0	0
KI270362.1	0	0	0
KI270363.1	0	0	0
KI270364.1	0	0	0
KI270366.1	0	0	0
KI270371.1	0	0	0
KI270372.1	0	0	0
KI270373.1	0	0	0
KI270374.1	0	0	0
KI270375.1	0	0	0
KI270376.1	0	0	0
KI270378.1	0	0	0
KI270379.1	0	0	0
KI270381.1	0	0	0
KI270382.1	0	0	0
KI270383.1	0	0	0
KI270384.1	0	0	0
KI270385.1	0	0	0
KI270386.1	0	0	0
KI270387.1	0	0	0
KI270388.1	0	0	0
KI270389.1	0	0	0
KI270390.1	0	0	0
KI270391.1	0	0	0
KI270392.1	0	0	0
KI270393.1	0	0	0
KI270394.1	0	0	0
KI270395.1	0	0	0
KI270396.1	0	0	0
KI270411.1	0	0	0
KI270412.1	0	0	0
KI270414.1	0	0	0
KI270417.1	0	0	0
KI270418.1	0	0	0
KI270419.1	0	0	0
KI270420.1	0	0	0
KI270422.1	0	0	0
KI270423.1	0	0	0
KI270424.1	0	0	0
KI270425.1	0	0	0
KI270429.1	0	0	0
KI270435.1	2	2	0
KI270438.1	4	2	2
KI270442.1	383	188	195
KI270448.1	0	0	0
KI270465.1	0	0	0
KI270466.1	0	0	0
KI270467.1	1	0	1
KI270468.1	0	0	0
KI270507.1	0	0	0
KI270508.1	0	0	0
KI270509.1	0	0	0
KI270510.1	0	0	0
KI270511.1	0	0	0
KI270512.1	0	0	0
KI270515.1	0	0	0
KI270516.1	0	0	0
KI270517.1	0	0	0
KI270518.1	0	0	0
KI270519.1	0	0	0
KI270521.1	0	0	0
KI270522.1	0	0	0
KI270528.1	0	0	0
KI270529.1	0	0	0
KI270530.1	0	0	0
KI270538.1	0	0	0
KI270539.1	0	0	0
KI270544.1	0	0	0
KI270548.1	0	0	0
KI270579.1	0	0	0
KI270580.1	0	0	0
KI270581.1	1	1	0
KI270582.1	0	0	0
KI270583.1	0	0	0
KI270584.1	0	0	0
KI270587.1	0	0	0
KI270588.1	0	0	0
KI270589.1	0	0	0
KI270590.1	0	0	0
KI270591.1	0	0	0
KI270593.1	0	0	0
KI270706.1	1077	602	475
KI270707.1	91	83	8
KI270708.1	47	9	38
KI270709.1	1	0	1
KI270710.1	0	0	0
KI270711.1	2876	31	2845
KI270712.1	294	169	125
KI270713.1	27	18	9
KI270714.1	246	0	246
KI270715.1	0	0	0
KI270716.1	0	0	0
KI270717.1	1	0	1
KI270718.1	200	126	74
KI270719.1	169	56	113
KI270720.1	748	25	723
KI270721.1	711	500	211
KI270722.1	81	70	11
KI270723.1	2	1	1
KI270724.1	8	1	7
KI270725.1	1	0	1
KI270726.1	1059	470	589
KI270727.1	71	7	64
KI270728.1	648	333	315
KI270729.1	10	9	1
KI270730.1	0	0	0
KI270731.1	88	22	66
KI270732.1	0	0	0
KI270733.1	191448	187257	4191
KI270734.1	173	128	45
KI270735.1	0	0	0
KI270736.1	0	0	0
KI270737.1	0	0	0
KI270738.1	5	5	0
KI270739.1	0	0	0
KI270740.1	0	0	0
KI270741.1	259	257	2
KI270742.1	623	242	381
KI270743.1	870	345	525
KI270744.1	2255	394	1861
KI270745.1	614	607	7
KI270746.1	14	2	12
KI270747.1	0	0	0
KI270748.1	12	11	1
KI270749.1	4	4	0
KI270750.1	39	24	15
KI270751.1	3703	3540	163
KI270752.1	2	2	0
KI270753.1	6	1	5
KI270754.1	115	2	113
KI270755.1	41	41	0
KI270756.1	0	0	0
KI270757.1	0	0	0
chr1	5110581	2365276	2745305
chr10	1557878	876398	681480
chr11	2501141	1164112	1337029
chr12	2526877	1355962	1170915
chr13	615976	281627	334349
chr14	1676721	851401	825320
chr15	1303924	571519	732405
chr16	2097050	1174571	922479
chr17	3781193	1708643	2072550
chr18	484655	215084	269571
chr19	3021825	1725496	1296329
chr2	3242160	1634529	1607631
chr20	1252412	771785	480627
chr21	658600	438510	220090
chr22	936462	462476	473986
chr3	2134955	1096362	1038593
chr4	1490717	653008	837709
chr5	2084192	1178363	905829
chr6	2029445	955997	1073448
chr7	3472908	1583461	1889447
chr8	1307434	549495	757939
chr9	1678530	827788	850742
chrM	1185190	1152039	33151
chrX	1331113	630615	700498
chrY	25170	5508	19662
