GL000008.2	1411	715	696
GL000009.2	2048	707	1341
GL000194.1	1819	46	1773
GL000195.1	2457	1071	1386
GL000205.2	2769	121	2648
GL000208.1	2	0	2
GL000213.1	11	0	11
GL000214.1	3305	435	2870
GL000216.2	9	1	8
GL000218.1	1331	38	1293
GL000219.1	1972	262	1710
GL000220.1	363416	354701	8715
GL000221.1	401	204	197
GL000224.1	540	403	137
GL000225.1	0	0	0
GL000226.1	0	0	0
KI270302.1	0	0	0
KI270303.1	0	0	0
KI270304.1	0	0	0
KI270305.1	0	0	0
KI270310.1	0	0	0
KI270311.1	0	0	0
KI270312.1	0	0	0
KI270315.1	0	0	0
KI270316.1	0	0	0
KI270317.1	0	0	0
KI270320.1	0	0	0
KI270322.1	0	0	0
KI270329.1	0	0	0
KI270330.1	18	17	1
KI270333.1	0	0	0
KI270334.1	0	0	0
KI270335.1	0	0	0
KI270336.1	0	0	0
KI270337.1	0	0	0
KI270338.1	0	0	0
KI270340.1	0	0	0
KI270362.1	0	0	0
KI270363.1	0	0	0
KI270364.1	0	0	0
KI270366.1	0	0	0
KI270371.1	0	0	0
KI270372.1	0	0	0
KI270373.1	0	0	0
KI270374.1	0	0	0
KI270375.1	0	0	0
KI270376.1	0	0	0
KI270378.1	0	0	0
KI270379.1	0	0	0
KI270381.1	0	0	0
KI270382.1	0	0	0
KI270383.1	0	0	0
KI270384.1	0	0	0
KI270385.1	0	0	0
KI270386.1	0	0	0
KI270387.1	0	0	0
KI270388.1	0	0	0
KI270389.1	0	0	0
KI270390.1	0	0	0
KI270391.1	0	0	0
KI270392.1	0	0	0
KI270393.1	0	0	0
KI270394.1	0	0	0
KI270395.1	0	0	0
KI270396.1	0	0	0
KI270411.1	0	0	0
KI270412.1	0	0	0
KI270414.1	0	0	0
KI270417.1	0	0	0
KI270418.1	0	0	0
KI270419.1	0	0	0
KI270420.1	0	0	0
KI270422.1	0	0	0
KI270423.1	0	0	0
KI270424.1	0	0	0
KI270425.1	0	0	0
KI270429.1	0	0	0
KI270435.1	11	10	1
KI270438.1	8	5	3
KI270442.1	479	278	201
KI270448.1	0	0	0
KI270465.1	0	0	0
KI270466.1	0	0	0
KI270467.1	1	1	0
KI270468.1	0	0	0
KI270507.1	0	0	0
KI270508.1	0	0	0
KI270509.1	0	0	0
KI270510.1	0	0	0
KI270511.1	0	0	0
KI270512.1	0	0	0
KI270515.1	0	0	0
KI270516.1	0	0	0
KI270517.1	0	0	0
KI270518.1	0	0	0
KI270519.1	0	0	0
KI270521.1	0	0	0
KI270522.1	0	0	0
KI270528.1	0	0	0
KI270529.1	0	0	0
KI270530.1	0	0	0
KI270538.1	0	0	0
KI270539.1	3	0	3
KI270544.1	0	0	0
KI270548.1	0	0	0
KI270579.1	0	0	0
KI270580.1	0	0	0
KI270581.1	2	0	2
KI270582.1	0	0	0
KI270583.1	0	0	0
KI270584.1	1	1	0
KI270587.1	0	0	0
KI270588.1	0	0	0
KI270589.1	1	0	1
KI270590.1	1	1	0
KI270591.1	1	0	1
KI270593.1	0	0	0
KI270706.1	1618	1020	598
KI270707.1	57	40	17
KI270708.1	10	1	9
KI270709.1	0	0	0
KI270710.1	0	0	0
KI270711.1	2111	22	2089
KI270712.1	452	190	262
KI270713.1	36	34	2
KI270714.1	428	3	425
KI270715.1	0	0	0
KI270716.1	0	0	0
KI270717.1	6	5	1
KI270718.1	230	84	146
KI270719.1	287	83	204
KI270720.1	734	18	716
KI270721.1	540	331	209
KI270722.1	133	125	8
KI270723.1	5	4	1
KI270724.1	5	1	4
KI270725.1	5	4	1
KI270726.1	2043	530	1513
KI270727.1	63	9	54
KI270728.1	490	342	148
KI270729.1	3	1	2
KI270730.1	1	0	1
KI270731.1	89	49	40
KI270732.1	0	0	0
KI270733.1	332571	325339	7232
KI270734.1	306	191	115
KI270735.1	0	0	0
KI270736.1	1	1	0
KI270737.1	2	0	2
KI270738.1	0	0	0
KI270739.1	0	0	0
KI270740.1	0	0	0
KI270741.1	595	593	2
KI270742.1	726	247	479
KI270743.1	1286	706	580
KI270744.1	3380	335	3045
KI270745.1	346	346	0
KI270746.1	8	0	8
KI270747.1	0	0	0
KI270748.1	9	8	1
KI270749.1	6	6	0
KI270750.1	4	3	1
KI270751.1	3056	2849	207
KI270752.1	0	0	0
KI270753.1	1	1	0
KI270754.1	88	2	86
KI270755.1	1	1	0
KI270756.1	0	0	0
KI270757.1	1	1	0
chr1	4725008	2196164	2528844
chr10	1315357	717714	597643
chr11	2528062	1158613	1369449
chr12	2510346	1317180	1193166
chr13	542677	255763	286914
chr14	1625260	890471	734789
chr15	1248054	553392	694662
chr16	1892791	1037738	855053
chr17	3225022	1507868	1717154
chr18	438640	167335	271305
chr19	2981146	1706896	1274250
chr2	2794139	1542541	1251598
chr20	1320473	858437	462036
chr21	828115	620945	207170
chr22	911253	420550	490703
chr3	2003784	1018216	985568
chr4	1307123	646549	660574
chr5	1831858	950825	881033
chr6	2123565	989772	1133793
chr7	2850501	1271732	1578769
chr8	1268562	465683	802879
chr9	1716196	843123	873073
chrM	1655237	1606988	48249
chrX	1289636	608190	681446
chrY	37601	5162	32439
