GL000008.2	1245	660	585
GL000009.2	1731	557	1174
GL000194.1	1740	67	1673
GL000195.1	2552	835	1717
GL000205.2	1956	58	1898
GL000208.1	1	0	1
GL000213.1	19	1	18
GL000214.1	3913	407	3506
GL000216.2	1	0	1
GL000218.1	1310	49	1261
GL000219.1	1689	96	1593
GL000220.1	189976	186585	3391
GL000221.1	444	272	172
GL000224.1	270	248	22
GL000225.1	4	4	0
GL000226.1	0	0	0
KI270302.1	0	0	0
KI270303.1	0	0	0
KI270304.1	0	0	0
KI270305.1	0	0	0
KI270310.1	0	0	0
KI270311.1	0	0	0
KI270312.1	0	0	0
KI270315.1	0	0	0
KI270316.1	0	0	0
KI270317.1	0	0	0
KI270320.1	0	0	0
KI270322.1	0	0	0
KI270329.1	0	0	0
KI270330.1	0	0	0
KI270333.1	0	0	0
KI270334.1	0	0	0
KI270335.1	0	0	0
KI270336.1	0	0	0
KI270337.1	0	0	0
KI270338.1	0	0	0
KI270340.1	0	0	0
KI270362.1	0	0	0
KI270363.1	0	0	0
KI270364.1	0	0	0
KI270366.1	0	0	0
KI270371.1	0	0	0
KI270372.1	0	0	0
KI270373.1	0	0	0
KI270374.1	0	0	0
KI270375.1	0	0	0
KI270376.1	0	0	0
KI270378.1	0	0	0
KI270379.1	0	0	0
KI270381.1	0	0	0
KI270382.1	0	0	0
KI270383.1	0	0	0
KI270384.1	0	0	0
KI270385.1	0	0	0
KI270386.1	0	0	0
KI270387.1	0	0	0
KI270388.1	0	0	0
KI270389.1	0	0	0
KI270390.1	0	0	0
KI270391.1	0	0	0
KI270392.1	0	0	0
KI270393.1	0	0	0
KI270394.1	0	0	0
KI270395.1	0	0	0
KI270396.1	0	0	0
KI270411.1	0	0	0
KI270412.1	0	0	0
KI270414.1	0	0	0
KI270417.1	0	0	0
KI270418.1	0	0	0
KI270419.1	0	0	0
KI270420.1	0	0	0
KI270422.1	0	0	0
KI270423.1	0	0	0
KI270424.1	0	0	0
KI270425.1	0	0	0
KI270429.1	0	0	0
KI270435.1	3	3	0
KI270438.1	3	2	1
KI270442.1	380	169	211
KI270448.1	0	0	0
KI270465.1	0	0	0
KI270466.1	0	0	0
KI270467.1	0	0	0
KI270468.1	0	0	0
KI270507.1	0	0	0
KI270508.1	0	0	0
KI270509.1	0	0	0
KI270510.1	0	0	0
KI270511.1	0	0	0
KI270512.1	0	0	0
KI270515.1	0	0	0
KI270516.1	0	0	0
KI270517.1	0	0	0
KI270518.1	0	0	0
KI270519.1	0	0	0
KI270521.1	0	0	0
KI270522.1	0	0	0
KI270528.1	0	0	0
KI270529.1	0	0	0
KI270530.1	0	0	0
KI270538.1	0	0	0
KI270539.1	0	0	0
KI270544.1	0	0	0
KI270548.1	0	0	0
KI270579.1	0	0	0
KI270580.1	0	0	0
KI270581.1	0	0	0
KI270582.1	0	0	0
KI270583.1	0	0	0
KI270584.1	0	0	0
KI270587.1	0	0	0
KI270588.1	0	0	0
KI270589.1	1	1	0
KI270590.1	0	0	0
KI270591.1	0	0	0
KI270593.1	0	0	0
KI270706.1	1369	751	618
KI270707.1	146	135	11
KI270708.1	23	10	13
KI270709.1	2	0	2
KI270710.1	0	0	0
KI270711.1	3340	21	3319
KI270712.1	388	198	190
KI270713.1	37	30	7
KI270714.1	279	2	277
KI270715.1	0	0	0
KI270716.1	0	0	0
KI270717.1	1	0	1
KI270718.1	311	145	166
KI270719.1	233	81	152
KI270720.1	1014	23	991
KI270721.1	754	575	179
KI270722.1	81	60	21
KI270723.1	6	6	0
KI270724.1	5	0	5
KI270725.1	11	9	2
KI270726.1	1203	468	735
KI270727.1	94	8	86
KI270728.1	678	381	297
KI270729.1	2	1	1
KI270730.1	0	0	0
KI270731.1	75	16	59
KI270732.1	0	0	0
KI270733.1	172212	169166	3046
KI270734.1	221	157	64
KI270735.1	0	0	0
KI270736.1	0	0	0
KI270737.1	0	0	0
KI270738.1	1	1	0
KI270739.1	0	0	0
KI270740.1	0	0	0
KI270741.1	287	286	1
KI270742.1	705	243	462
KI270743.1	1117	427	690
KI270744.1	2623	443	2180
KI270745.1	726	725	1
KI270746.1	6	0	6
KI270747.1	0	0	0
KI270748.1	23	21	2
KI270749.1	2	2	0
KI270750.1	57	45	12
KI270751.1	4244	4064	180
KI270752.1	0	0	0
KI270753.1	8	1	7
KI270754.1	129	3	126
KI270755.1	54	54	0
KI270756.1	0	0	0
KI270757.1	1	1	0
chr1	5481277	2523690	2957587
chr10	1692389	951441	740948
chr11	2659111	1241053	1418058
chr12	2707607	1450805	1256802
chr13	676147	308915	367232
chr14	1810823	924635	886188
chr15	1409618	615736	793882
chr16	2227129	1247525	979604
chr17	4006122	1806861	2199261
chr18	530094	234922	295172
chr19	3152637	1802535	1350102
chr2	3523598	1782252	1741346
chr20	1321737	815615	506122
chr21	666636	430817	235819
chr22	992080	491116	500964
chr3	2305602	1184862	1120740
chr4	1644598	715808	928790
chr5	2265731	1287315	978416
chr6	2187652	1023010	1164642
chr7	3703566	1705523	1998043
chr8	1419195	593067	826128
chr9	1796469	883912	912557
chrM	778282	753247	25035
chrX	1426071	672271	753800
chrY	26549	5650	20899
