GL000008.2	1026	493	533
GL000009.2	1093	494	599
GL000194.1	1187	47	1140
GL000195.1	2516	1213	1303
GL000205.2	2750	114	2636
GL000208.1	1	0	1
GL000213.1	14	0	14
GL000214.1	3406	367	3039
GL000216.2	2	2	0
GL000218.1	902	43	859
GL000219.1	2039	218	1821
GL000220.1	320205	313303	6902
GL000221.1	334	225	109
GL000224.1	353	308	45
GL000225.1	1	1	0
GL000226.1	0	0	0
KI270302.1	0	0	0
KI270303.1	0	0	0
KI270304.1	0	0	0
KI270305.1	0	0	0
KI270310.1	0	0	0
KI270311.1	0	0	0
KI270312.1	0	0	0
KI270315.1	0	0	0
KI270316.1	0	0	0
KI270317.1	0	0	0
KI270320.1	0	0	0
KI270322.1	0	0	0
KI270329.1	0	0	0
KI270330.1	4	4	0
KI270333.1	0	0	0
KI270334.1	0	0	0
KI270335.1	0	0	0
KI270336.1	0	0	0
KI270337.1	0	0	0
KI270338.1	0	0	0
KI270340.1	0	0	0
KI270362.1	0	0	0
KI270363.1	0	0	0
KI270364.1	0	0	0
KI270366.1	0	0	0
KI270371.1	0	0	0
KI270372.1	0	0	0
KI270373.1	0	0	0
KI270374.1	0	0	0
KI270375.1	0	0	0
KI270376.1	0	0	0
KI270378.1	0	0	0
KI270379.1	0	0	0
KI270381.1	0	0	0
KI270382.1	0	0	0
KI270383.1	0	0	0
KI270384.1	0	0	0
KI270385.1	0	0	0
KI270386.1	0	0	0
KI270387.1	0	0	0
KI270388.1	0	0	0
KI270389.1	0	0	0
KI270390.1	0	0	0
KI270391.1	0	0	0
KI270392.1	0	0	0
KI270393.1	0	0	0
KI270394.1	0	0	0
KI270395.1	0	0	0
KI270396.1	0	0	0
KI270411.1	0	0	0
KI270412.1	0	0	0
KI270414.1	0	0	0
KI270417.1	0	0	0
KI270418.1	0	0	0
KI270419.1	0	0	0
KI270420.1	0	0	0
KI270422.1	0	0	0
KI270423.1	0	0	0
KI270424.1	0	0	0
KI270425.1	0	0	0
KI270429.1	0	0	0
KI270435.1	6	4	2
KI270438.1	1	1	0
KI270442.1	638	428	210
KI270448.1	0	0	0
KI270465.1	0	0	0
KI270466.1	0	0	0
KI270467.1	0	0	0
KI270468.1	0	0	0
KI270507.1	0	0	0
KI270508.1	0	0	0
KI270509.1	0	0	0
KI270510.1	0	0	0
KI270511.1	0	0	0
KI270512.1	1	1	0
KI270515.1	0	0	0
KI270516.1	0	0	0
KI270517.1	0	0	0
KI270518.1	0	0	0
KI270519.1	0	0	0
KI270521.1	0	0	0
KI270522.1	0	0	0
KI270528.1	0	0	0
KI270529.1	0	0	0
KI270530.1	0	0	0
KI270538.1	0	0	0
KI270539.1	0	0	0
KI270544.1	0	0	0
KI270548.1	0	0	0
KI270579.1	0	0	0
KI270580.1	0	0	0
KI270581.1	0	0	0
KI270582.1	0	0	0
KI270583.1	0	0	0
KI270584.1	0	0	0
KI270587.1	0	0	0
KI270588.1	0	0	0
KI270589.1	0	0	0
KI270590.1	0	0	0
KI270591.1	0	0	0
KI270593.1	0	0	0
KI270706.1	1272	693	579
KI270707.1	57	55	2
KI270708.1	20	6	14
KI270709.1	0	0	0
KI270710.1	1	0	1
KI270711.1	3405	58	3347
KI270712.1	315	170	145
KI270713.1	64	52	12
KI270714.1	376	8	368
KI270715.1	0	0	0
KI270716.1	0	0	0
KI270717.1	1	1	0
KI270718.1	193	74	119
KI270719.1	345	116	229
KI270720.1	730	26	704
KI270721.1	633	530	103
KI270722.1	68	62	6
KI270723.1	7	7	0
KI270724.1	11	8	3
KI270725.1	5	3	2
KI270726.1	1311	486	825
KI270727.1	57	5	52
KI270728.1	399	257	142
KI270729.1	0	0	0
KI270730.1	0	0	0
KI270731.1	98	49	49
KI270732.1	1	0	1
KI270733.1	302565	296772	5793
KI270734.1	335	209	126
KI270735.1	1	1	0
KI270736.1	2	1	1
KI270737.1	1	0	1
KI270738.1	1	1	0
KI270739.1	0	0	0
KI270740.1	0	0	0
KI270741.1	461	456	5
KI270742.1	615	249	366
KI270743.1	1007	337	670
KI270744.1	3762	304	3458
KI270745.1	251	251	0
KI270746.1	6	1	5
KI270747.1	0	0	0
KI270748.1	9	9	0
KI270749.1	2	1	1
KI270750.1	1	0	1
KI270751.1	2853	2731	122
KI270752.1	0	0	0
KI270753.1	5	0	5
KI270754.1	104	2	102
KI270755.1	3	3	0
KI270756.1	4	0	4
KI270757.1	1	0	1
chr1	4219282	1945566	2273716
chr10	1166984	635295	531689
chr11	2253821	1049001	1204820
chr12	2216323	1191804	1024519
chr13	481608	225345	256263
chr14	1389222	692553	696669
chr15	1111388	503739	607649
chr16	1696616	948000	748616
chr17	2937342	1359255	1578087
chr18	400315	160952	239363
chr19	2617303	1495035	1122268
chr2	2558001	1351167	1206834
chr20	1131856	717041	414815
chr21	764782	576468	188314
chr22	844874	410594	434280
chr3	1740955	877276	863679
chr4	1145757	554728	591029
chr5	1638121	880070	758051
chr6	1708409	827119	881290
chr7	2807215	1218000	1589215
chr8	1119416	463818	655598
chr9	1478311	743418	734893
chrM	2194279	2089493	104786
chrX	1137744	544594	593150
chrY	27576	4853	22723
