GL000008.2	1394	747	647
GL000009.2	2317	694	1623
GL000194.1	1766	57	1709
GL000195.1	2564	774	1790
GL000205.2	1767	57	1710
GL000208.1	1	0	1
GL000213.1	23	0	23
GL000214.1	3602	514	3088
GL000216.2	7	1	6
GL000218.1	1552	53	1499
GL000219.1	1489	160	1329
GL000220.1	154208	151138	3070
GL000221.1	519	289	230
GL000224.1	534	482	52
GL000225.1	14	8	6
GL000226.1	0	0	0
KI270302.1	0	0	0
KI270303.1	0	0	0
KI270304.1	0	0	0
KI270305.1	0	0	0
KI270310.1	0	0	0
KI270311.1	0	0	0
KI270312.1	0	0	0
KI270315.1	0	0	0
KI270316.1	0	0	0
KI270317.1	0	0	0
KI270320.1	0	0	0
KI270322.1	0	0	0
KI270329.1	0	0	0
KI270330.1	4	0	4
KI270333.1	0	0	0
KI270334.1	0	0	0
KI270335.1	0	0	0
KI270336.1	0	0	0
KI270337.1	0	0	0
KI270338.1	0	0	0
KI270340.1	0	0	0
KI270362.1	0	0	0
KI270363.1	0	0	0
KI270364.1	0	0	0
KI270366.1	0	0	0
KI270371.1	0	0	0
KI270372.1	0	0	0
KI270373.1	0	0	0
KI270374.1	0	0	0
KI270375.1	0	0	0
KI270376.1	0	0	0
KI270378.1	0	0	0
KI270379.1	0	0	0
KI270381.1	0	0	0
KI270382.1	0	0	0
KI270383.1	0	0	0
KI270384.1	0	0	0
KI270385.1	0	0	0
KI270386.1	0	0	0
KI270387.1	0	0	0
KI270388.1	0	0	0
KI270389.1	0	0	0
KI270390.1	0	0	0
KI270391.1	0	0	0
KI270392.1	0	0	0
KI270393.1	0	0	0
KI270394.1	0	0	0
KI270395.1	0	0	0
KI270396.1	0	0	0
KI270411.1	0	0	0
KI270412.1	0	0	0
KI270414.1	0	0	0
KI270417.1	0	0	0
KI270418.1	0	0	0
KI270419.1	0	0	0
KI270420.1	0	0	0
KI270422.1	0	0	0
KI270423.1	0	0	0
KI270424.1	0	0	0
KI270425.1	0	0	0
KI270429.1	0	0	0
KI270435.1	6	6	0
KI270438.1	3	2	1
KI270442.1	389	135	254
KI270448.1	0	0	0
KI270465.1	0	0	0
KI270466.1	0	0	0
KI270467.1	0	0	0
KI270468.1	0	0	0
KI270507.1	0	0	0
KI270508.1	0	0	0
KI270509.1	0	0	0
KI270510.1	0	0	0
KI270511.1	0	0	0
KI270512.1	0	0	0
KI270515.1	0	0	0
KI270516.1	0	0	0
KI270517.1	0	0	0
KI270518.1	0	0	0
KI270519.1	2	2	0
KI270521.1	0	0	0
KI270522.1	0	0	0
KI270528.1	0	0	0
KI270529.1	0	0	0
KI270530.1	0	0	0
KI270538.1	0	0	0
KI270539.1	0	0	0
KI270544.1	0	0	0
KI270548.1	0	0	0
KI270579.1	0	0	0
KI270580.1	0	0	0
KI270581.1	4	0	4
KI270582.1	0	0	0
KI270583.1	0	0	0
KI270584.1	2	2	0
KI270587.1	0	0	0
KI270588.1	0	0	0
KI270589.1	1	0	1
KI270590.1	0	0	0
KI270591.1	1	0	1
KI270593.1	0	0	0
KI270706.1	1599	930	669
KI270707.1	127	105	22
KI270708.1	34	19	15
KI270709.1	0	0	0
KI270710.1	1	1	0
KI270711.1	1896	32	1864
KI270712.1	634	245	389
KI270713.1	37	22	15
KI270714.1	228	1	227
KI270715.1	0	0	0
KI270716.1	0	0	0
KI270717.1	3	3	0
KI270718.1	296	103	193
KI270719.1	202	50	152
KI270720.1	765	18	747
KI270721.1	541	363	178
KI270722.1	88	76	12
KI270723.1	2	2	0
KI270724.1	6	1	5
KI270725.1	4	2	2
KI270726.1	1470	533	937
KI270727.1	75	1	74
KI270728.1	601	376	225
KI270729.1	4	0	4
KI270730.1	2	0	2
KI270731.1	77	36	41
KI270732.1	0	0	0
KI270733.1	136530	133951	2579
KI270734.1	204	111	93
KI270735.1	0	0	0
KI270736.1	0	0	0
KI270737.1	2	2	0
KI270738.1	1	1	0
KI270739.1	0	0	0
KI270740.1	0	0	0
KI270741.1	493	482	11
KI270742.1	711	261	450
KI270743.1	1291	639	652
KI270744.1	2598	528	2070
KI270745.1	841	837	4
KI270746.1	8	1	7
KI270747.1	0	0	0
KI270748.1	41	41	0
KI270749.1	2	1	1
KI270750.1	45	29	16
KI270751.1	4081	3887	194
KI270752.1	1	1	0
KI270753.1	7	0	7
KI270754.1	47	5	42
KI270755.1	10	8	2
KI270756.1	0	0	0
KI270757.1	9	8	1
chr1	5129230	2337946	2791284
chr10	1556082	878648	677434
chr11	2445961	1152978	1292983
chr12	2556426	1319591	1236835
chr13	606460	274558	331902
chr14	1723320	933184	790136
chr15	1317952	577750	740202
chr16	2145581	1220858	924723
chr17	3737656	1679207	2058449
chr18	460567	204659	255908
chr19	3124903	1805358	1319545
chr2	3172711	1667307	1505404
chr20	1275036	787856	487180
chr21	594118	370415	223703
chr22	949632	454381	495251
chr3	2189300	1104147	1085153
chr4	1440800	668159	772641
chr5	2087378	1153124	934254
chr6	2152401	1018495	1133906
chr7	3314218	1494410	1819808
chr8	1342623	502687	839936
chr9	1764821	853379	911442
chrM	587569	574823	12746
chrX	1280148	599388	680760
chrY	29897	6196	23701
