GL000008.2	1196	644	552
GL000009.2	1988	623	1365
GL000194.1	1508	38	1470
GL000195.1	2489	805	1684
GL000205.2	1752	50	1702
GL000208.1	2	1	1
GL000213.1	21	1	20
GL000214.1	4105	399	3706
GL000216.2	1	0	1
GL000218.1	1296	64	1232
GL000219.1	1490	91	1399
GL000220.1	120428	117914	2514
GL000221.1	482	278	204
GL000224.1	434	390	44
GL000225.1	4	2	2
GL000226.1	0	0	0
KI270302.1	0	0	0
KI270303.1	0	0	0
KI270304.1	0	0	0
KI270305.1	0	0	0
KI270310.1	0	0	0
KI270311.1	0	0	0
KI270312.1	0	0	0
KI270315.1	0	0	0
KI270316.1	0	0	0
KI270317.1	0	0	0
KI270320.1	0	0	0
KI270322.1	0	0	0
KI270329.1	0	0	0
KI270330.1	5	3	2
KI270333.1	0	0	0
KI270334.1	0	0	0
KI270335.1	0	0	0
KI270336.1	0	0	0
KI270337.1	0	0	0
KI270338.1	0	0	0
KI270340.1	0	0	0
KI270362.1	0	0	0
KI270363.1	0	0	0
KI270364.1	0	0	0
KI270366.1	0	0	0
KI270371.1	0	0	0
KI270372.1	0	0	0
KI270373.1	0	0	0
KI270374.1	0	0	0
KI270375.1	0	0	0
KI270376.1	0	0	0
KI270378.1	0	0	0
KI270379.1	0	0	0
KI270381.1	0	0	0
KI270382.1	0	0	0
KI270383.1	0	0	0
KI270384.1	0	0	0
KI270385.1	0	0	0
KI270386.1	0	0	0
KI270387.1	0	0	0
KI270388.1	0	0	0
KI270389.1	0	0	0
KI270390.1	0	0	0
KI270391.1	0	0	0
KI270392.1	0	0	0
KI270393.1	0	0	0
KI270394.1	0	0	0
KI270395.1	0	0	0
KI270396.1	0	0	0
KI270411.1	0	0	0
KI270412.1	0	0	0
KI270414.1	0	0	0
KI270417.1	0	0	0
KI270418.1	0	0	0
KI270419.1	0	0	0
KI270420.1	0	0	0
KI270422.1	0	0	0
KI270423.1	0	0	0
KI270424.1	0	0	0
KI270425.1	0	0	0
KI270429.1	0	0	0
KI270435.1	4	4	0
KI270438.1	4	4	0
KI270442.1	327	93	234
KI270448.1	0	0	0
KI270465.1	0	0	0
KI270466.1	0	0	0
KI270467.1	0	0	0
KI270468.1	0	0	0
KI270507.1	0	0	0
KI270508.1	0	0	0
KI270509.1	1	1	0
KI270510.1	0	0	0
KI270511.1	0	0	0
KI270512.1	0	0	0
KI270515.1	0	0	0
KI270516.1	0	0	0
KI270517.1	0	0	0
KI270518.1	0	0	0
KI270519.1	0	0	0
KI270521.1	0	0	0
KI270522.1	0	0	0
KI270528.1	0	0	0
KI270529.1	0	0	0
KI270530.1	0	0	0
KI270538.1	0	0	0
KI270539.1	0	0	0
KI270544.1	0	0	0
KI270548.1	0	0	0
KI270579.1	0	0	0
KI270580.1	0	0	0
KI270581.1	2	0	2
KI270582.1	0	0	0
KI270583.1	0	0	0
KI270584.1	0	0	0
KI270587.1	0	0	0
KI270588.1	0	0	0
KI270589.1	5	0	5
KI270590.1	1	1	0
KI270591.1	0	0	0
KI270593.1	0	0	0
KI270706.1	1385	790	595
KI270707.1	147	139	8
KI270708.1	28	10	18
KI270709.1	1	0	1
KI270710.1	1	1	0
KI270711.1	1859	27	1832
KI270712.1	460	226	234
KI270713.1	29	25	4
KI270714.1	236	2	234
KI270715.1	0	0	0
KI270716.1	0	0	0
KI270717.1	3	0	3
KI270718.1	236	102	134
KI270719.1	184	42	142
KI270720.1	798	25	773
KI270721.1	539	370	169
KI270722.1	68	51	17
KI270723.1	2	2	0
KI270724.1	11	1	10
KI270725.1	9	7	2
KI270726.1	1494	531	963
KI270727.1	83	4	79
KI270728.1	567	367	200
KI270729.1	2	0	2
KI270730.1	0	0	0
KI270731.1	59	34	25
KI270732.1	0	0	0
KI270733.1	106314	104226	2088
KI270734.1	175	89	86
KI270735.1	0	0	0
KI270736.1	1	1	0
KI270737.1	0	0	0
KI270738.1	0	0	0
KI270739.1	0	0	0
KI270740.1	0	0	0
KI270741.1	501	491	10
KI270742.1	666	253	413
KI270743.1	1188	636	552
KI270744.1	2996	460	2536
KI270745.1	723	721	2
KI270746.1	3	0	3
KI270747.1	0	0	0
KI270748.1	16	16	0
KI270749.1	3	3	0
KI270750.1	43	16	27
KI270751.1	4611	4449	162
KI270752.1	1	1	0
KI270753.1	14	0	14
KI270754.1	92	0	92
KI270755.1	5	5	0
KI270756.1	0	0	0
KI270757.1	3	3	0
chr1	5155128	2340198	2814930
chr10	1593875	900943	692932
chr11	2389989	1129359	1260630
chr12	2526896	1303364	1223532
chr13	642297	293427	348870
chr14	1719866	921402	798464
chr15	1314578	580446	734132
chr16	2080260	1180983	899277
chr17	3608237	1620031	1988206
chr18	478980	215474	263506
chr19	2942248	1698309	1243939
chr2	3265988	1716872	1549116
chr20	1242742	768005	474737
chr21	550205	326220	223985
chr22	900653	433176	467477
chr3	2211010	1118343	1092667
chr4	1490145	692966	797179
chr5	2132585	1197000	935585
chr6	2139776	1009070	1130706
chr7	3301080	1499295	1801785
chr8	1360949	511314	849635
chr9	1731287	832713	898574
chrM	1184062	1160971	23091
chrX	1275714	595297	680417
chrY	27268	5899	21369
