GL000008.2	1047	547	500
GL000009.2	1334	529	805
GL000194.1	1347	33	1314
GL000195.1	2376	831	1545
GL000205.2	1763	82	1681
GL000208.1	6	0	6
GL000213.1	17	0	17
GL000214.1	3379	373	3006
GL000216.2	1	1	0
GL000218.1	1206	50	1156
GL000219.1	1538	111	1427
GL000220.1	140726	137621	3105
GL000221.1	453	290	163
GL000224.1	220	189	31
GL000225.1	5	4	1
GL000226.1	0	0	0
KI270302.1	0	0	0
KI270303.1	0	0	0
KI270304.1	0	0	0
KI270305.1	0	0	0
KI270310.1	0	0	0
KI270311.1	0	0	0
KI270312.1	0	0	0
KI270315.1	0	0	0
KI270316.1	0	0	0
KI270317.1	0	0	0
KI270320.1	0	0	0
KI270322.1	0	0	0
KI270329.1	0	0	0
KI270330.1	3	0	3
KI270333.1	0	0	0
KI270334.1	0	0	0
KI270335.1	0	0	0
KI270336.1	0	0	0
KI270337.1	0	0	0
KI270338.1	0	0	0
KI270340.1	0	0	0
KI270362.1	0	0	0
KI270363.1	0	0	0
KI270364.1	0	0	0
KI270366.1	0	0	0
KI270371.1	0	0	0
KI270372.1	0	0	0
KI270373.1	0	0	0
KI270374.1	0	0	0
KI270375.1	0	0	0
KI270376.1	0	0	0
KI270378.1	0	0	0
KI270379.1	0	0	0
KI270381.1	0	0	0
KI270382.1	0	0	0
KI270383.1	0	0	0
KI270384.1	0	0	0
KI270385.1	0	0	0
KI270386.1	0	0	0
KI270387.1	0	0	0
KI270388.1	0	0	0
KI270389.1	0	0	0
KI270390.1	0	0	0
KI270391.1	0	0	0
KI270392.1	0	0	0
KI270393.1	0	0	0
KI270394.1	0	0	0
KI270395.1	0	0	0
KI270396.1	0	0	0
KI270411.1	0	0	0
KI270412.1	0	0	0
KI270414.1	0	0	0
KI270417.1	0	0	0
KI270418.1	0	0	0
KI270419.1	0	0	0
KI270420.1	0	0	0
KI270422.1	0	0	0
KI270423.1	0	0	0
KI270424.1	0	0	0
KI270425.1	0	0	0
KI270429.1	0	0	0
KI270435.1	1	0	1
KI270438.1	4	3	1
KI270442.1	365	186	179
KI270448.1	0	0	0
KI270465.1	0	0	0
KI270466.1	0	0	0
KI270467.1	0	0	0
KI270468.1	0	0	0
KI270507.1	0	0	0
KI270508.1	0	0	0
KI270509.1	0	0	0
KI270510.1	0	0	0
KI270511.1	0	0	0
KI270512.1	2	0	2
KI270515.1	0	0	0
KI270516.1	0	0	0
KI270517.1	0	0	0
KI270518.1	0	0	0
KI270519.1	0	0	0
KI270521.1	0	0	0
KI270522.1	0	0	0
KI270528.1	0	0	0
KI270529.1	0	0	0
KI270530.1	0	0	0
KI270538.1	0	0	0
KI270539.1	0	0	0
KI270544.1	0	0	0
KI270548.1	0	0	0
KI270579.1	1	1	0
KI270580.1	0	0	0
KI270581.1	0	0	0
KI270582.1	0	0	0
KI270583.1	0	0	0
KI270584.1	1	1	0
KI270587.1	0	0	0
KI270588.1	0	0	0
KI270589.1	0	0	0
KI270590.1	0	0	0
KI270591.1	0	0	0
KI270593.1	0	0	0
KI270706.1	1174	634	540
KI270707.1	97	90	7
KI270708.1	31	13	18
KI270709.1	0	0	0
KI270710.1	0	0	0
KI270711.1	3167	57	3110
KI270712.1	319	179	140
KI270713.1	27	22	5
KI270714.1	261	3	258
KI270715.1	0	0	0
KI270716.1	0	0	0
KI270717.1	0	0	0
KI270718.1	277	152	125
KI270719.1	219	70	149
KI270720.1	925	28	897
KI270721.1	755	581	174
KI270722.1	97	79	18
KI270723.1	1	1	0
KI270724.1	5	1	4
KI270725.1	6	5	1
KI270726.1	1215	487	728
KI270727.1	118	8	110
KI270728.1	730	401	329
KI270729.1	4	2	2
KI270730.1	0	0	0
KI270731.1	132	38	94
KI270732.1	0	0	0
KI270733.1	125567	122989	2578
KI270734.1	196	134	62
KI270735.1	0	0	0
KI270736.1	0	0	0
KI270737.1	2	1	1
KI270738.1	4	4	0
KI270739.1	1	1	0
KI270740.1	0	0	0
KI270741.1	290	286	4
KI270742.1	628	250	378
KI270743.1	1100	399	701
KI270744.1	2668	404	2264
KI270745.1	627	626	1
KI270746.1	14	4	10
KI270747.1	0	0	0
KI270748.1	13	13	0
KI270749.1	5	2	3
KI270750.1	46	33	13
KI270751.1	3763	3605	158
KI270752.1	2	1	1
KI270753.1	6	1	5
KI270754.1	98	2	96
KI270755.1	47	47	0
KI270756.1	0	0	0
KI270757.1	5	5	0
chr1	5263347	2429442	2833905
chr10	1636200	919910	716290
chr11	2543682	1187979	1355703
chr12	2601476	1394523	1206953
chr13	657090	301485	355605
chr14	1735339	882479	852860
chr15	1354272	592631	761641
chr16	2104143	1173150	930993
chr17	3820108	1726251	2093857
chr18	514692	228855	285837
chr19	2992523	1710028	1282495
chr2	3405486	1720600	1684886
chr20	1267433	781599	485834
chr21	575768	348017	227751
chr22	937564	465953	471611
chr3	2221108	1139082	1082026
chr4	1577627	696314	881313
chr5	2188564	1237941	950623
chr6	2107135	991417	1115718
chr7	3552385	1630826	1921559
chr8	1361365	574297	787068
chr9	1716992	841308	875684
chrM	940770	909764	31006
chrX	1367697	650264	717433
chrY	25269	5571	19698
