GL000008.2	1340	589	751
GL000009.2	1443	697	746
GL000194.1	1364	42	1322
GL000195.1	3244	1587	1657
GL000205.2	3418	121	3297
GL000208.1	0	0	0
GL000213.1	14	0	14
GL000214.1	4246	429	3817
GL000216.2	2	0	2
GL000218.1	1054	27	1027
GL000219.1	2601	253	2348
GL000220.1	516163	506662	9501
GL000221.1	467	292	175
GL000224.1	467	403	64
GL000225.1	2	2	0
GL000226.1	0	0	0
KI270302.1	0	0	0
KI270303.1	0	0	0
KI270304.1	0	0	0
KI270305.1	0	0	0
KI270310.1	0	0	0
KI270311.1	0	0	0
KI270312.1	0	0	0
KI270315.1	0	0	0
KI270316.1	0	0	0
KI270317.1	0	0	0
KI270320.1	0	0	0
KI270322.1	0	0	0
KI270329.1	0	0	0
KI270330.1	4	4	0
KI270333.1	0	0	0
KI270334.1	0	0	0
KI270335.1	0	0	0
KI270336.1	0	0	0
KI270337.1	0	0	0
KI270338.1	0	0	0
KI270340.1	0	0	0
KI270362.1	0	0	0
KI270363.1	0	0	0
KI270364.1	0	0	0
KI270366.1	0	0	0
KI270371.1	0	0	0
KI270372.1	0	0	0
KI270373.1	0	0	0
KI270374.1	0	0	0
KI270375.1	0	0	0
KI270376.1	0	0	0
KI270378.1	0	0	0
KI270379.1	0	0	0
KI270381.1	0	0	0
KI270382.1	0	0	0
KI270383.1	0	0	0
KI270384.1	0	0	0
KI270385.1	0	0	0
KI270386.1	0	0	0
KI270387.1	0	0	0
KI270388.1	0	0	0
KI270389.1	0	0	0
KI270390.1	0	0	0
KI270391.1	0	0	0
KI270392.1	0	0	0
KI270393.1	0	0	0
KI270394.1	0	0	0
KI270395.1	0	0	0
KI270396.1	0	0	0
KI270411.1	0	0	0
KI270412.1	0	0	0
KI270414.1	0	0	0
KI270417.1	0	0	0
KI270418.1	0	0	0
KI270419.1	0	0	0
KI270420.1	0	0	0
KI270422.1	0	0	0
KI270423.1	0	0	0
KI270424.1	0	0	0
KI270425.1	0	0	0
KI270429.1	0	0	0
KI270435.1	0	0	0
KI270438.1	1	0	1
KI270442.1	798	563	235
KI270448.1	0	0	0
KI270465.1	0	0	0
KI270466.1	0	0	0
KI270467.1	0	0	0
KI270468.1	0	0	0
KI270507.1	0	0	0
KI270508.1	0	0	0
KI270509.1	0	0	0
KI270510.1	0	0	0
KI270511.1	0	0	0
KI270512.1	0	0	0
KI270515.1	0	0	0
KI270516.1	0	0	0
KI270517.1	0	0	0
KI270518.1	0	0	0
KI270519.1	1	1	0
KI270521.1	0	0	0
KI270522.1	0	0	0
KI270528.1	0	0	0
KI270529.1	0	0	0
KI270530.1	0	0	0
KI270538.1	0	0	0
KI270539.1	0	0	0
KI270544.1	0	0	0
KI270548.1	0	0	0
KI270579.1	0	0	0
KI270580.1	0	0	0
KI270581.1	0	0	0
KI270582.1	0	0	0
KI270583.1	0	0	0
KI270584.1	0	0	0
KI270587.1	0	0	0
KI270588.1	0	0	0
KI270589.1	1	1	0
KI270590.1	0	0	0
KI270591.1	0	0	0
KI270593.1	0	0	0
KI270706.1	1523	868	655
KI270707.1	74	71	3
KI270708.1	23	3	20
KI270709.1	1	0	1
KI270710.1	0	0	0
KI270711.1	3944	36	3908
KI270712.1	307	179	128
KI270713.1	93	66	27
KI270714.1	536	2	534
KI270715.1	0	0	0
KI270716.1	0	0	0
KI270717.1	0	0	0
KI270718.1	235	102	133
KI270719.1	350	125	225
KI270720.1	969	39	930
KI270721.1	543	429	114
KI270722.1	93	81	12
KI270723.1	3	3	0
KI270724.1	14	4	10
KI270725.1	2	2	0
KI270726.1	1820	620	1200
KI270727.1	88	2	86
KI270728.1	507	335	172
KI270729.1	6	6	0
KI270730.1	0	0	0
KI270731.1	153	59	94
KI270732.1	0	0	0
KI270733.1	478109	469989	8120
KI270734.1	358	224	134
KI270735.1	0	0	0
KI270736.1	0	0	0
KI270737.1	1	0	1
KI270738.1	4	4	0
KI270739.1	0	0	0
KI270740.1	0	0	0
KI270741.1	565	563	2
KI270742.1	779	352	427
KI270743.1	1315	452	863
KI270744.1	4420	441	3979
KI270745.1	370	370	0
KI270746.1	6	3	3
KI270747.1	0	0	0
KI270748.1	16	14	2
KI270749.1	7	7	0
KI270750.1	7	1	6
KI270751.1	3541	3403	138
KI270752.1	1	0	1
KI270753.1	9	0	9
KI270754.1	112	2	110
KI270755.1	8	6	2
KI270756.1	0	0	0
KI270757.1	1	1	0
chr1	5037794	2300969	2736825
chr10	1407071	764641	642430
chr11	2643249	1228261	1414988
chr12	2618017	1403625	1214392
chr13	585651	273580	312071
chr14	1655151	821109	834042
chr15	1317697	600570	717127
chr16	1964212	1097997	866215
chr17	3410827	1583908	1826919
chr18	488628	196073	292555
chr19	2969342	1692422	1276920
chr2	3064503	1615187	1449316
chr20	1328846	845667	483179
chr21	1103973	878208	225765
chr22	978729	478571	500158
chr3	2071037	1045779	1025258
chr4	1386787	673026	713761
chr5	1971086	1070757	900329
chr6	2021521	976159	1045362
chr7	3267868	1433756	1834112
chr8	1336375	551770	784605
chr9	1736119	870314	865805
chrM	2662045	2544677	117368
chrX	1344623	638702	705921
chrY	30497	5342	25155
