GL000008.2	1452	827	625
GL000009.2	2324	694	1630
GL000194.1	1827	82	1745
GL000195.1	2277	800	1477
GL000205.2	1502	78	1424
GL000208.1	4	1	3
GL000213.1	13	1	12
GL000214.1	3554	590	2964
GL000216.2	3	0	3
GL000218.1	1482	73	1409
GL000219.1	1317	164	1153
GL000220.1	302746	292772	9974
GL000221.1	443	245	198
GL000224.1	591	516	75
GL000225.1	10	3	7
GL000226.1	0	0	0
KI270302.1	0	0	0
KI270303.1	0	0	0
KI270304.1	0	0	0
KI270305.1	0	0	0
KI270310.1	0	0	0
KI270311.1	0	0	0
KI270312.1	0	0	0
KI270315.1	0	0	0
KI270316.1	0	0	0
KI270317.1	0	0	0
KI270320.1	0	0	0
KI270322.1	0	0	0
KI270329.1	0	0	0
KI270330.1	13	10	3
KI270333.1	0	0	0
KI270334.1	0	0	0
KI270335.1	0	0	0
KI270336.1	0	0	0
KI270337.1	0	0	0
KI270338.1	0	0	0
KI270340.1	0	0	0
KI270362.1	0	0	0
KI270363.1	0	0	0
KI270364.1	0	0	0
KI270366.1	0	0	0
KI270371.1	0	0	0
KI270372.1	0	0	0
KI270373.1	0	0	0
KI270374.1	0	0	0
KI270375.1	0	0	0
KI270376.1	0	0	0
KI270378.1	0	0	0
KI270379.1	0	0	0
KI270381.1	0	0	0
KI270382.1	0	0	0
KI270383.1	0	0	0
KI270384.1	0	0	0
KI270385.1	0	0	0
KI270386.1	0	0	0
KI270387.1	0	0	0
KI270388.1	0	0	0
KI270389.1	0	0	0
KI270390.1	0	0	0
KI270391.1	0	0	0
KI270392.1	0	0	0
KI270393.1	0	0	0
KI270394.1	0	0	0
KI270395.1	0	0	0
KI270396.1	0	0	0
KI270411.1	0	0	0
KI270412.1	0	0	0
KI270414.1	0	0	0
KI270417.1	0	0	0
KI270418.1	0	0	0
KI270419.1	0	0	0
KI270420.1	0	0	0
KI270422.1	0	0	0
KI270423.1	0	0	0
KI270424.1	0	0	0
KI270425.1	0	0	0
KI270429.1	0	0	0
KI270435.1	10	10	0
KI270438.1	4	4	0
KI270442.1	374	103	271
KI270448.1	1	0	1
KI270465.1	0	0	0
KI270466.1	0	0	0
KI270467.1	0	0	0
KI270468.1	0	0	0
KI270507.1	0	0	0
KI270508.1	0	0	0
KI270509.1	0	0	0
KI270510.1	0	0	0
KI270511.1	0	0	0
KI270512.1	1	0	1
KI270515.1	0	0	0
KI270516.1	0	0	0
KI270517.1	0	0	0
KI270518.1	0	0	0
KI270519.1	4	2	2
KI270521.1	0	0	0
KI270522.1	0	0	0
KI270528.1	0	0	0
KI270529.1	0	0	0
KI270530.1	0	0	0
KI270538.1	0	0	0
KI270539.1	0	0	0
KI270544.1	0	0	0
KI270548.1	0	0	0
KI270579.1	0	0	0
KI270580.1	0	0	0
KI270581.1	4	0	4
KI270582.1	1	0	1
KI270583.1	0	0	0
KI270584.1	0	0	0
KI270587.1	0	0	0
KI270588.1	0	0	0
KI270589.1	3	0	3
KI270590.1	0	0	0
KI270591.1	0	0	0
KI270593.1	0	0	0
KI270706.1	1730	1046	684
KI270707.1	130	110	20
KI270708.1	52	13	39
KI270709.1	0	0	0
KI270710.1	0	0	0
KI270711.1	1671	40	1631
KI270712.1	757	355	402
KI270713.1	26	20	6
KI270714.1	229	3	226
KI270715.1	0	0	0
KI270716.1	0	0	0
KI270717.1	0	0	0
KI270718.1	262	96	166
KI270719.1	248	62	186
KI270720.1	712	32	680
KI270721.1	588	412	176
KI270722.1	116	95	21
KI270723.1	4	3	1
KI270724.1	11	3	8
KI270725.1	10	6	4
KI270726.1	1425	546	879
KI270727.1	78	11	67
KI270728.1	689	382	307
KI270729.1	10	9	1
KI270730.1	0	0	0
KI270731.1	81	37	44
KI270732.1	1	0	1
KI270733.1	278660	270061	8599
KI270734.1	197	132	65
KI270735.1	0	0	0
KI270736.1	1	1	0
KI270737.1	2	0	2
KI270738.1	2	2	0
KI270739.1	0	0	0
KI270740.1	0	0	0
KI270741.1	470	460	10
KI270742.1	739	292	447
KI270743.1	1337	714	623
KI270744.1	2373	552	1821
KI270745.1	735	716	19
KI270746.1	15	5	10
KI270747.1	1	0	1
KI270748.1	39	37	2
KI270749.1	3	2	1
KI270750.1	35	24	11
KI270751.1	3977	3765	212
KI270752.1	0	0	0
KI270753.1	6	0	6
KI270754.1	86	2	84
KI270755.1	2	2	0
KI270756.1	0	0	0
KI270757.1	2	2	0
chr1	4898343	2242412	2655931
chr10	1473939	829496	644443
chr11	2349154	1110106	1239048
chr12	2428318	1250934	1177384
chr13	570070	257882	312188
chr14	1651045	894146	756899
chr15	1256253	550732	705521
chr16	2059244	1170452	888792
chr17	3565803	1610672	1955131
chr18	434166	192179	241987
chr19	3002492	1720583	1281909
chr2	3002631	1574970	1427661
chr20	1226808	755237	471571
chr21	789338	569377	219961
chr22	913259	437220	476039
chr3	2075120	1043156	1031964
chr4	1364266	632523	731743
chr5	1983134	1091044	892090
chr6	2033875	970842	1063033
chr7	3151858	1425208	1726650
chr8	1267596	478358	789238
chr9	1689422	820884	868538
chrM	847133	818456	28677
chrX	1232018	574931	657087
chrY	29349	6236	23113
