GL000008.2	1314	584	730
GL000009.2	1500	731	769
GL000194.1	1482	48	1434
GL000195.1	2717	1300	1417
GL000205.2	2936	115	2821
GL000208.1	0	0	0
GL000213.1	17	0	17
GL000214.1	3846	354	3492
GL000216.2	0	0	0
GL000218.1	1068	69	999
GL000219.1	2607	265	2342
GL000220.1	319585	312534	7051
GL000221.1	450	274	176
GL000224.1	419	357	62
GL000225.1	7	4	3
GL000226.1	0	0	0
KI270302.1	0	0	0
KI270303.1	0	0	0
KI270304.1	0	0	0
KI270305.1	0	0	0
KI270310.1	0	0	0
KI270311.1	0	0	0
KI270312.1	0	0	0
KI270315.1	0	0	0
KI270316.1	0	0	0
KI270317.1	0	0	0
KI270320.1	0	0	0
KI270322.1	0	0	0
KI270329.1	0	0	0
KI270330.1	6	5	1
KI270333.1	0	0	0
KI270334.1	0	0	0
KI270335.1	0	0	0
KI270336.1	0	0	0
KI270337.1	0	0	0
KI270338.1	0	0	0
KI270340.1	0	0	0
KI270362.1	0	0	0
KI270363.1	0	0	0
KI270364.1	0	0	0
KI270366.1	0	0	0
KI270371.1	0	0	0
KI270372.1	0	0	0
KI270373.1	0	0	0
KI270374.1	0	0	0
KI270375.1	0	0	0
KI270376.1	0	0	0
KI270378.1	0	0	0
KI270379.1	0	0	0
KI270381.1	0	0	0
KI270382.1	0	0	0
KI270383.1	0	0	0
KI270384.1	0	0	0
KI270385.1	0	0	0
KI270386.1	0	0	0
KI270387.1	0	0	0
KI270388.1	0	0	0
KI270389.1	0	0	0
KI270390.1	0	0	0
KI270391.1	0	0	0
KI270392.1	0	0	0
KI270393.1	0	0	0
KI270394.1	0	0	0
KI270395.1	0	0	0
KI270396.1	0	0	0
KI270411.1	0	0	0
KI270412.1	0	0	0
KI270414.1	0	0	0
KI270417.1	0	0	0
KI270418.1	0	0	0
KI270419.1	0	0	0
KI270420.1	0	0	0
KI270422.1	0	0	0
KI270423.1	0	0	0
KI270424.1	0	0	0
KI270425.1	0	0	0
KI270429.1	0	0	0
KI270435.1	3	3	0
KI270438.1	2	0	2
KI270442.1	683	466	217
KI270448.1	0	0	0
KI270465.1	0	0	0
KI270466.1	0	0	0
KI270467.1	1	1	0
KI270468.1	0	0	0
KI270507.1	0	0	0
KI270508.1	0	0	0
KI270509.1	0	0	0
KI270510.1	0	0	0
KI270511.1	0	0	0
KI270512.1	0	0	0
KI270515.1	0	0	0
KI270516.1	0	0	0
KI270517.1	0	0	0
KI270518.1	0	0	0
KI270519.1	0	0	0
KI270521.1	0	0	0
KI270522.1	0	0	0
KI270528.1	0	0	0
KI270529.1	0	0	0
KI270530.1	0	0	0
KI270538.1	0	0	0
KI270539.1	0	0	0
KI270544.1	0	0	0
KI270548.1	0	0	0
KI270579.1	0	0	0
KI270580.1	0	0	0
KI270581.1	1	0	1
KI270582.1	0	0	0
KI270583.1	0	0	0
KI270584.1	0	0	0
KI270587.1	1	1	0
KI270588.1	0	0	0
KI270589.1	3	0	3
KI270590.1	0	0	0
KI270591.1	0	0	0
KI270593.1	0	0	0
KI270706.1	1491	815	676
KI270707.1	82	71	11
KI270708.1	16	2	14
KI270709.1	4	0	4
KI270710.1	3	3	0
KI270711.1	3757	63	3694
KI270712.1	286	150	136
KI270713.1	76	58	18
KI270714.1	420	8	412
KI270715.1	0	0	0
KI270716.1	0	0	0
KI270717.1	4	4	0
KI270718.1	223	86	137
KI270719.1	284	98	186
KI270720.1	871	27	844
KI270721.1	405	294	111
KI270722.1	87	75	12
KI270723.1	8	8	0
KI270724.1	10	2	8
KI270725.1	4	4	0
KI270726.1	1711	524	1187
KI270727.1	113	9	104
KI270728.1	434	288	146
KI270729.1	5	0	5
KI270730.1	0	0	0
KI270731.1	118	39	79
KI270732.1	0	0	0
KI270733.1	296644	290761	5883
KI270734.1	298	180	118
KI270735.1	0	0	0
KI270736.1	0	0	0
KI270737.1	3	0	3
KI270738.1	4	4	0
KI270739.1	0	0	0
KI270740.1	0	0	0
KI270741.1	420	419	1
KI270742.1	720	305	415
KI270743.1	1150	436	714
KI270744.1	4138	346	3792
KI270745.1	308	303	5
KI270746.1	6	2	4
KI270747.1	0	0	0
KI270748.1	5	5	0
KI270749.1	6	4	2
KI270750.1	1	1	0
KI270751.1	3476	3308	168
KI270752.1	0	0	0
KI270753.1	4	1	3
KI270754.1	154	3	151
KI270755.1	1	1	0
KI270756.1	0	0	0
KI270757.1	2	2	0
chr1	4720979	2157856	2563123
chr10	1334952	725868	609084
chr11	2475482	1135631	1339851
chr12	2487549	1331414	1156135
chr13	559441	260869	298572
chr14	1560877	776572	784305
chr15	1245754	573130	672624
chr16	1794978	993214	801764
chr17	3181858	1481947	1699911
chr18	470461	187905	282556
chr19	2714421	1551176	1163245
chr2	2927741	1548321	1379420
chr20	1236068	784248	451820
chr21	779520	572822	206698
chr22	894500	439789	454711
chr3	1949140	985919	963221
chr4	1329249	643231	686018
chr5	1885090	1033066	852024
chr6	1921982	925469	996513
chr7	3105661	1353954	1751707
chr8	1282523	524631	757892
chr9	1626004	813204	812800
chrM	1630214	1550826	79388
chrX	1284103	608174	675929
chrY	28534	4713	23821
