GL000008.2	1348	603	745
GL000009.2	1598	747	851
GL000194.1	1673	44	1629
GL000195.1	3042	1474	1568
GL000205.2	3233	104	3129
GL000208.1	2	0	2
GL000213.1	15	0	15
GL000214.1	4319	400	3919
GL000216.2	2	0	2
GL000218.1	1139	64	1075
GL000219.1	2562	277	2285
GL000220.1	557198	546102	11096
GL000221.1	446	302	144
GL000224.1	385	341	44
GL000225.1	0	0	0
GL000226.1	0	0	0
KI270302.1	0	0	0
KI270303.1	0	0	0
KI270304.1	0	0	0
KI270305.1	0	0	0
KI270310.1	0	0	0
KI270311.1	0	0	0
KI270312.1	0	0	0
KI270315.1	0	0	0
KI270316.1	0	0	0
KI270317.1	0	0	0
KI270320.1	0	0	0
KI270322.1	0	0	0
KI270329.1	0	0	0
KI270330.1	12	8	4
KI270333.1	0	0	0
KI270334.1	0	0	0
KI270335.1	0	0	0
KI270336.1	0	0	0
KI270337.1	0	0	0
KI270338.1	0	0	0
KI270340.1	0	0	0
KI270362.1	0	0	0
KI270363.1	1	1	0
KI270364.1	0	0	0
KI270366.1	0	0	0
KI270371.1	0	0	0
KI270372.1	0	0	0
KI270373.1	0	0	0
KI270374.1	0	0	0
KI270375.1	0	0	0
KI270376.1	0	0	0
KI270378.1	0	0	0
KI270379.1	0	0	0
KI270381.1	0	0	0
KI270382.1	0	0	0
KI270383.1	0	0	0
KI270384.1	0	0	0
KI270385.1	0	0	0
KI270386.1	0	0	0
KI270387.1	0	0	0
KI270388.1	0	0	0
KI270389.1	0	0	0
KI270390.1	0	0	0
KI270391.1	0	0	0
KI270392.1	0	0	0
KI270393.1	0	0	0
KI270394.1	0	0	0
KI270395.1	0	0	0
KI270396.1	0	0	0
KI270411.1	0	0	0
KI270412.1	0	0	0
KI270414.1	0	0	0
KI270417.1	0	0	0
KI270418.1	0	0	0
KI270419.1	0	0	0
KI270420.1	0	0	0
KI270422.1	0	0	0
KI270423.1	0	0	0
KI270424.1	0	0	0
KI270425.1	0	0	0
KI270429.1	0	0	0
KI270435.1	5	5	0
KI270438.1	4	1	3
KI270442.1	643	463	180
KI270448.1	0	0	0
KI270465.1	0	0	0
KI270466.1	0	0	0
KI270467.1	0	0	0
KI270468.1	0	0	0
KI270507.1	0	0	0
KI270508.1	0	0	0
KI270509.1	0	0	0
KI270510.1	0	0	0
KI270511.1	0	0	0
KI270512.1	0	0	0
KI270515.1	0	0	0
KI270516.1	0	0	0
KI270517.1	0	0	0
KI270518.1	0	0	0
KI270519.1	1	1	0
KI270521.1	0	0	0
KI270522.1	0	0	0
KI270528.1	0	0	0
KI270529.1	0	0	0
KI270530.1	0	0	0
KI270538.1	0	0	0
KI270539.1	0	0	0
KI270544.1	0	0	0
KI270548.1	0	0	0
KI270579.1	2	2	0
KI270580.1	0	0	0
KI270581.1	2	0	2
KI270582.1	0	0	0
KI270583.1	0	0	0
KI270584.1	0	0	0
KI270587.1	0	0	0
KI270588.1	0	0	0
KI270589.1	4	0	4
KI270590.1	0	0	0
KI270591.1	0	0	0
KI270593.1	0	0	0
KI270706.1	1687	869	818
KI270707.1	96	88	8
KI270708.1	15	4	11
KI270709.1	1	1	0
KI270710.1	0	0	0
KI270711.1	4146	55	4091
KI270712.1	316	163	153
KI270713.1	49	36	13
KI270714.1	436	2	434
KI270715.1	0	0	0
KI270716.1	0	0	0
KI270717.1	0	0	0
KI270718.1	227	79	148
KI270719.1	353	105	248
KI270720.1	955	40	915
KI270721.1	603	459	144
KI270722.1	102	88	14
KI270723.1	8	8	0
KI270724.1	6	1	5
KI270725.1	2	0	2
KI270726.1	1894	559	1335
KI270727.1	77	2	75
KI270728.1	459	338	121
KI270729.1	0	0	0
KI270730.1	0	0	0
KI270731.1	104	56	48
KI270732.1	0	0	0
KI270733.1	514664	505329	9335
KI270734.1	300	173	127
KI270735.1	0	0	0
KI270736.1	1	1	0
KI270737.1	0	0	0
KI270738.1	7	7	0
KI270739.1	0	0	0
KI270740.1	0	0	0
KI270741.1	494	493	1
KI270742.1	761	310	451
KI270743.1	1219	431	788
KI270744.1	4299	397	3902
KI270745.1	374	374	0
KI270746.1	4	0	4
KI270747.1	1	1	0
KI270748.1	16	14	2
KI270749.1	4	3	1
KI270750.1	1	0	1
KI270751.1	3768	3624	144
KI270752.1	0	0	0
KI270753.1	7	0	7
KI270754.1	168	11	157
KI270755.1	1	1	0
KI270756.1	0	0	0
KI270757.1	4	4	0
chr1	4877529	2226803	2650726
chr10	1373582	744021	629561
chr11	2589994	1190992	1399002
chr12	2572575	1380425	1192150
chr13	569051	266534	302517
chr14	1626129	806493	819636
chr15	1296713	594309	702404
chr16	1911117	1066144	844973
chr17	3352480	1560367	1792113
chr18	478117	192500	285617
chr19	2883857	1645755	1238102
chr2	3005831	1588680	1417151
chr20	1296698	824169	472529
chr21	1127355	908487	218868
chr22	955849	466957	488892
chr3	2016578	1021286	995292
chr4	1358791	658662	700129
chr5	1927960	1058758	869202
chr6	1986502	959327	1027175
chr7	3243981	1410969	1833012
chr8	1316563	537997	778566
chr9	1710517	859119	851398
chrM	1459404	1394384	65020
chrX	1331680	624126	707554
chrY	29679	4945	24734
