GL000008.2	1068	562	506
GL000009.2	1620	587	1033
GL000194.1	1243	40	1203
GL000195.1	2054	1013	1041
GL000205.2	2602	91	2511
GL000208.1	2	0	2
GL000213.1	13	0	13
GL000214.1	2783	305	2478
GL000216.2	2	0	2
GL000218.1	1015	35	980
GL000219.1	1763	225	1538
GL000220.1	389283	381974	7309
GL000221.1	362	201	161
GL000224.1	526	394	132
GL000225.1	6	2	4
GL000226.1	0	0	0
KI270302.1	0	0	0
KI270303.1	0	0	0
KI270304.1	0	0	0
KI270305.1	0	0	0
KI270310.1	0	0	0
KI270311.1	0	0	0
KI270312.1	0	0	0
KI270315.1	0	0	0
KI270316.1	0	0	0
KI270317.1	0	0	0
KI270320.1	0	0	0
KI270322.1	0	0	0
KI270329.1	0	0	0
KI270330.1	22	21	1
KI270333.1	0	0	0
KI270334.1	0	0	0
KI270335.1	0	0	0
KI270336.1	0	0	0
KI270337.1	0	0	0
KI270338.1	0	0	0
KI270340.1	0	0	0
KI270362.1	0	0	0
KI270363.1	0	0	0
KI270364.1	0	0	0
KI270366.1	0	0	0
KI270371.1	0	0	0
KI270372.1	0	0	0
KI270373.1	0	0	0
KI270374.1	0	0	0
KI270375.1	0	0	0
KI270376.1	0	0	0
KI270378.1	0	0	0
KI270379.1	0	0	0
KI270381.1	0	0	0
KI270382.1	0	0	0
KI270383.1	0	0	0
KI270384.1	0	0	0
KI270385.1	0	0	0
KI270386.1	0	0	0
KI270387.1	0	0	0
KI270388.1	0	0	0
KI270389.1	0	0	0
KI270390.1	0	0	0
KI270391.1	0	0	0
KI270392.1	0	0	0
KI270393.1	0	0	0
KI270394.1	0	0	0
KI270395.1	0	0	0
KI270396.1	0	0	0
KI270411.1	0	0	0
KI270412.1	0	0	0
KI270414.1	0	0	0
KI270417.1	0	0	0
KI270418.1	0	0	0
KI270419.1	0	0	0
KI270420.1	0	0	0
KI270422.1	0	0	0
KI270423.1	0	0	0
KI270424.1	0	0	0
KI270425.1	0	0	0
KI270429.1	0	0	0
KI270435.1	9	9	0
KI270438.1	1	0	1
KI270442.1	442	277	165
KI270448.1	0	0	0
KI270465.1	0	0	0
KI270466.1	0	0	0
KI270467.1	1	1	0
KI270468.1	0	0	0
KI270507.1	0	0	0
KI270508.1	0	0	0
KI270509.1	0	0	0
KI270510.1	0	0	0
KI270511.1	0	0	0
KI270512.1	1	0	1
KI270515.1	0	0	0
KI270516.1	0	0	0
KI270517.1	0	0	0
KI270518.1	0	0	0
KI270519.1	0	0	0
KI270521.1	0	0	0
KI270522.1	0	0	0
KI270528.1	0	0	0
KI270529.1	0	0	0
KI270530.1	0	0	0
KI270538.1	0	0	0
KI270539.1	0	0	0
KI270544.1	0	0	0
KI270548.1	0	0	0
KI270579.1	0	0	0
KI270580.1	2	2	0
KI270581.1	2	2	0
KI270582.1	0	0	0
KI270583.1	0	0	0
KI270584.1	0	0	0
KI270587.1	0	0	0
KI270588.1	0	0	0
KI270589.1	2	0	2
KI270590.1	0	0	0
KI270591.1	0	0	0
KI270593.1	0	0	0
KI270706.1	1373	830	543
KI270707.1	27	20	7
KI270708.1	26	10	16
KI270709.1	3	3	0
KI270710.1	0	0	0
KI270711.1	1749	16	1733
KI270712.1	352	174	178
KI270713.1	30	26	4
KI270714.1	371	3	368
KI270715.1	0	0	0
KI270716.1	0	0	0
KI270717.1	7	5	2
KI270718.1	130	60	70
KI270719.1	281	77	204
KI270720.1	518	17	501
KI270721.1	502	289	213
KI270722.1	63	55	8
KI270723.1	7	7	0
KI270724.1	6	4	2
KI270725.1	6	3	3
KI270726.1	1779	477	1302
KI270727.1	58	5	53
KI270728.1	453	307	146
KI270729.1	1	0	1
KI270730.1	2	0	2
KI270731.1	92	61	31
KI270732.1	2	2	0
KI270733.1	366290	359670	6620
KI270734.1	242	145	97
KI270735.1	0	0	0
KI270736.1	0	0	0
KI270737.1	0	0	0
KI270738.1	3	3	0
KI270739.1	0	0	0
KI270740.1	0	0	0
KI270741.1	585	584	1
KI270742.1	481	159	322
KI270743.1	1125	601	524
KI270744.1	3190	267	2923
KI270745.1	289	289	0
KI270746.1	5	1	4
KI270747.1	2	0	2
KI270748.1	11	11	0
KI270749.1	1	1	0
KI270750.1	4	3	1
KI270751.1	2426	2311	115
KI270752.1	0	0	0
KI270753.1	4	0	4
KI270754.1	64	0	64
KI270755.1	0	0	0
KI270756.1	0	0	0
KI270757.1	2	2	0
chr1	4232436	1957600	2274836
chr10	1166824	638623	528201
chr11	2230945	1023254	1207691
chr12	2225655	1171146	1054509
chr13	484692	230128	254564
chr14	1448440	796235	652205
chr15	1102164	488590	613574
chr16	1663232	914034	749198
chr17	2848435	1332459	1515976
chr18	393518	150841	242677
chr19	2623473	1504626	1118847
chr2	2492360	1372352	1120008
chr20	1172864	764256	408608
chr21	832710	648341	184369
chr22	796069	367515	428554
chr3	1778049	904601	873448
chr4	1161039	574440	586599
chr5	1634010	848332	785678
chr6	1881335	880531	1000804
chr7	2507689	1118734	1388955
chr8	1122825	411769	711056
chr9	1511815	742720	769095
chrM	1887471	1834385	53086
chrX	1133914	537313	596601
chrY	32512	4163	28349
