GL000008.2	1254	672	582
GL000009.2	1727	529	1198
GL000194.1	1387	63	1324
GL000195.1	2642	1236	1406
GL000205.2	2877	115	2762
GL000208.1	0	0	0
GL000213.1	17	0	17
GL000214.1	3031	382	2649
GL000216.2	2	0	2
GL000218.1	1158	34	1124
GL000219.1	1773	271	1502
GL000220.1	227072	219447	7625
GL000221.1	396	231	165
GL000224.1	675	515	160
GL000225.1	6	0	6
GL000226.1	0	0	0
KI270302.1	0	0	0
KI270303.1	0	0	0
KI270304.1	0	0	0
KI270305.1	0	0	0
KI270310.1	0	0	0
KI270311.1	0	0	0
KI270312.1	0	0	0
KI270315.1	0	0	0
KI270316.1	0	0	0
KI270317.1	0	0	0
KI270320.1	0	0	0
KI270322.1	0	0	0
KI270329.1	0	0	0
KI270330.1	13	13	0
KI270333.1	0	0	0
KI270334.1	0	0	0
KI270335.1	0	0	0
KI270336.1	0	0	0
KI270337.1	0	0	0
KI270338.1	0	0	0
KI270340.1	0	0	0
KI270362.1	0	0	0
KI270363.1	0	0	0
KI270364.1	0	0	0
KI270366.1	0	0	0
KI270371.1	0	0	0
KI270372.1	0	0	0
KI270373.1	0	0	0
KI270374.1	0	0	0
KI270375.1	0	0	0
KI270376.1	0	0	0
KI270378.1	0	0	0
KI270379.1	0	0	0
KI270381.1	0	0	0
KI270382.1	0	0	0
KI270383.1	0	0	0
KI270384.1	0	0	0
KI270385.1	0	0	0
KI270386.1	0	0	0
KI270387.1	0	0	0
KI270388.1	0	0	0
KI270389.1	0	0	0
KI270390.1	0	0	0
KI270391.1	0	0	0
KI270392.1	0	0	0
KI270393.1	0	0	0
KI270394.1	0	0	0
KI270395.1	0	0	0
KI270396.1	0	0	0
KI270411.1	0	0	0
KI270412.1	0	0	0
KI270414.1	0	0	0
KI270417.1	0	0	0
KI270418.1	0	0	0
KI270419.1	0	0	0
KI270420.1	0	0	0
KI270422.1	0	0	0
KI270423.1	0	0	0
KI270424.1	0	0	0
KI270425.1	0	0	0
KI270429.1	0	0	0
KI270435.1	3	3	0
KI270438.1	1	1	0
KI270442.1	530	284	246
KI270448.1	0	0	0
KI270465.1	0	0	0
KI270466.1	0	0	0
KI270467.1	0	0	0
KI270468.1	0	0	0
KI270507.1	0	0	0
KI270508.1	0	0	0
KI270509.1	0	0	0
KI270510.1	0	0	0
KI270511.1	0	0	0
KI270512.1	2	0	2
KI270515.1	0	0	0
KI270516.1	0	0	0
KI270517.1	0	0	0
KI270518.1	0	0	0
KI270519.1	0	0	0
KI270521.1	0	0	0
KI270522.1	0	0	0
KI270528.1	0	0	0
KI270529.1	0	0	0
KI270530.1	0	0	0
KI270538.1	0	0	0
KI270539.1	0	0	0
KI270544.1	0	0	0
KI270548.1	0	0	0
KI270579.1	0	0	0
KI270580.1	1	1	0
KI270581.1	5	0	5
KI270582.1	0	0	0
KI270583.1	0	0	0
KI270584.1	0	0	0
KI270587.1	0	0	0
KI270588.1	0	0	0
KI270589.1	2	0	2
KI270590.1	3	3	0
KI270591.1	0	0	0
KI270593.1	0	0	0
KI270706.1	1493	923	570
KI270707.1	44	38	6
KI270708.1	8	2	6
KI270709.1	3	3	0
KI270710.1	0	0	0
KI270711.1	2003	36	1967
KI270712.1	343	159	184
KI270713.1	45	35	10
KI270714.1	406	2	404
KI270715.1	0	0	0
KI270716.1	0	0	0
KI270717.1	2	0	2
KI270718.1	234	93	141
KI270719.1	271	77	194
KI270720.1	667	34	633
KI270721.1	537	348	189
KI270722.1	107	92	15
KI270723.1	5	5	0
KI270724.1	7	0	7
KI270725.1	1	1	0
KI270726.1	1911	526	1385
KI270727.1	58	10	48
KI270728.1	473	352	121
KI270729.1	2	1	1
KI270730.1	0	0	0
KI270731.1	109	69	40
KI270732.1	2	0	2
KI270733.1	208510	202018	6492
KI270734.1	324	222	102
KI270735.1	1	1	0
KI270736.1	0	0	0
KI270737.1	0	0	0
KI270738.1	4	4	0
KI270739.1	0	0	0
KI270740.1	0	0	0
KI270741.1	687	681	6
KI270742.1	714	265	449
KI270743.1	1256	653	603
KI270744.1	4239	383	3856
KI270745.1	313	307	6
KI270746.1	0	0	0
KI270747.1	0	0	0
KI270748.1	13	13	0
KI270749.1	9	9	0
KI270750.1	3	1	2
KI270751.1	2748	2576	172
KI270752.1	0	0	0
KI270753.1	1	1	0
KI270754.1	81	4	77
KI270755.1	1	1	0
KI270756.1	0	0	0
KI270757.1	3	3	0
chr1	4545563	2128664	2416899
chr10	1258679	685297	573382
chr11	2427297	1124016	1303281
chr12	2387029	1256529	1130500
chr13	515758	244765	270993
chr14	1550846	840718	710128
chr15	1195478	524986	670492
chr16	1839799	1015628	824171
chr17	3103399	1451464	1651935
chr18	413020	157212	255808
chr19	2883404	1649023	1234381
chr2	2662744	1463900	1198844
chr20	1281031	833245	447786
chr21	636573	437798	198775
chr22	879774	407735	472039
chr3	1915764	972809	942955
chr4	1233762	610643	623119
chr5	1743674	897003	846671
chr6	2027328	950496	1076832
chr7	2719642	1215125	1504517
chr8	1195535	446886	748649
chr9	1643720	810722	832998
chrM	2478916	2397948	80968
chrX	1230113	583360	646753
chrY	34948	5645	29303
