GL000008.2	1104	468	636
GL000009.2	1438	577	861
GL000194.1	1396	46	1350
GL000195.1	2499	834	1665
GL000205.2	1769	54	1715
GL000208.1	1	0	1
GL000213.1	24	0	24
GL000214.1	3963	352	3611
GL000216.2	3	1	2
GL000218.1	1153	42	1111
GL000219.1	1804	99	1705
GL000220.1	195772	191943	3829
GL000221.1	398	265	133
GL000224.1	274	231	43
GL000225.1	5	0	5
GL000226.1	0	0	0
KI270302.1	0	0	0
KI270303.1	0	0	0
KI270304.1	0	0	0
KI270305.1	0	0	0
KI270310.1	0	0	0
KI270311.1	0	0	0
KI270312.1	0	0	0
KI270315.1	0	0	0
KI270316.1	0	0	0
KI270317.1	0	0	0
KI270320.1	0	0	0
KI270322.1	0	0	0
KI270329.1	0	0	0
KI270330.1	1	0	1
KI270333.1	0	0	0
KI270334.1	0	0	0
KI270335.1	0	0	0
KI270336.1	0	0	0
KI270337.1	0	0	0
KI270338.1	0	0	0
KI270340.1	0	0	0
KI270362.1	0	0	0
KI270363.1	0	0	0
KI270364.1	0	0	0
KI270366.1	0	0	0
KI270371.1	0	0	0
KI270372.1	0	0	0
KI270373.1	0	0	0
KI270374.1	0	0	0
KI270375.1	0	0	0
KI270376.1	0	0	0
KI270378.1	0	0	0
KI270379.1	0	0	0
KI270381.1	0	0	0
KI270382.1	0	0	0
KI270383.1	0	0	0
KI270384.1	0	0	0
KI270385.1	0	0	0
KI270386.1	0	0	0
KI270387.1	0	0	0
KI270388.1	0	0	0
KI270389.1	0	0	0
KI270390.1	0	0	0
KI270391.1	0	0	0
KI270392.1	0	0	0
KI270393.1	0	0	0
KI270394.1	0	0	0
KI270395.1	0	0	0
KI270396.1	0	0	0
KI270411.1	0	0	0
KI270412.1	0	0	0
KI270414.1	0	0	0
KI270417.1	0	0	0
KI270418.1	0	0	0
KI270419.1	0	0	0
KI270420.1	0	0	0
KI270422.1	0	0	0
KI270423.1	0	0	0
KI270424.1	0	0	0
KI270425.1	0	0	0
KI270429.1	0	0	0
KI270435.1	0	0	0
KI270438.1	2	2	0
KI270442.1	372	151	221
KI270448.1	0	0	0
KI270465.1	0	0	0
KI270466.1	0	0	0
KI270467.1	0	0	0
KI270468.1	0	0	0
KI270507.1	0	0	0
KI270508.1	0	0	0
KI270509.1	0	0	0
KI270510.1	0	0	0
KI270511.1	0	0	0
KI270512.1	0	0	0
KI270515.1	0	0	0
KI270516.1	0	0	0
KI270517.1	0	0	0
KI270518.1	0	0	0
KI270519.1	0	0	0
KI270521.1	2	2	0
KI270522.1	0	0	0
KI270528.1	0	0	0
KI270529.1	0	0	0
KI270530.1	0	0	0
KI270538.1	1	1	0
KI270539.1	0	0	0
KI270544.1	0	0	0
KI270548.1	0	0	0
KI270579.1	0	0	0
KI270580.1	0	0	0
KI270581.1	0	0	0
KI270582.1	0	0	0
KI270583.1	0	0	0
KI270584.1	0	0	0
KI270587.1	0	0	0
KI270588.1	0	0	0
KI270589.1	0	0	0
KI270590.1	0	0	0
KI270591.1	0	0	0
KI270593.1	0	0	0
KI270706.1	1186	612	574
KI270707.1	99	96	3
KI270708.1	27	12	15
KI270709.1	3	0	3
KI270710.1	0	0	0
KI270711.1	3586	64	3522
KI270712.1	356	201	155
KI270713.1	34	28	6
KI270714.1	287	4	283
KI270715.1	0	0	0
KI270716.1	0	0	0
KI270717.1	0	0	0
KI270718.1	293	186	107
KI270719.1	190	50	140
KI270720.1	1075	24	1051
KI270721.1	811	640	171
KI270722.1	98	76	22
KI270723.1	6	6	0
KI270724.1	9	3	6
KI270725.1	5	4	1
KI270726.1	1363	541	822
KI270727.1	116	4	112
KI270728.1	660	394	266
KI270729.1	11	4	7
KI270730.1	0	0	0
KI270731.1	104	31	73
KI270732.1	2	2	0
KI270733.1	178167	174839	3328
KI270734.1	219	143	76
KI270735.1	0	0	0
KI270736.1	0	0	0
KI270737.1	2	0	2
KI270738.1	7	7	0
KI270739.1	0	0	0
KI270740.1	0	0	0
KI270741.1	292	291	1
KI270742.1	625	264	361
KI270743.1	1111	420	691
KI270744.1	2690	373	2317
KI270745.1	677	675	2
KI270746.1	5	2	3
KI270747.1	0	0	0
KI270748.1	26	26	0
KI270749.1	3	2	1
KI270750.1	52	41	11
KI270751.1	4368	4185	183
KI270752.1	3	3	0
KI270753.1	21	1	20
KI270754.1	143	4	139
KI270755.1	54	53	1
KI270756.1	0	0	0
KI270757.1	6	6	0
chr1	5856876	2688821	3168055
chr10	1828402	1028252	800150
chr11	2796600	1300099	1496501
chr12	2888725	1543848	1344877
chr13	737974	338819	399155
chr14	1929192	981676	947516
chr15	1508062	659477	848585
chr16	2322914	1297115	1025799
chr17	4218120	1903419	2314701
chr18	577513	256952	320561
chr19	3251773	1860271	1391502
chr2	3814307	1930837	1883470
chr20	1389625	857033	532592
chr21	705273	451724	253549
chr22	1028989	508630	520359
chr3	2471182	1271467	1199715
chr4	1786651	778079	1008572
chr5	2449160	1397471	1051689
chr6	2342543	1093813	1248730
chr7	3937350	1819641	2117709
chr8	1525997	637499	888498
chr9	1905536	933849	971687
chrM	938085	912622	25463
chrX	1519244	717286	801958
chrY	26922	5935	20987
